67129.09988900 -51.07546300
67132.27056200 -50.96015400
67132.81723000 -50.74770100
67133.25456400 -50.79060400
67134.34790000 -51.04289700
67134.56656700 -50.93324700
67134.78523400 -50.89820100
67137.19057200 -50.76284500
67137.62790600 -50.77194100
67138.93990900 -50.82119900
67139.15857600 -50.89636200
67139.92391000 -50.87437700
67140.03324400 -50.92630500
67140.47057800 -50.85364600
67142.98525000 -50.86401800
67145.82792200 -50.87083500
67148.45192700 -50.80457100
67148.88926100 -50.90973600
67149.54526200 -50.87181700
67149.76392900 -50.87482400
67151.62260000 -50.79762400
67154.57460500 -50.88249700
67155.44927400 -50.94817300
67155.66794100 -50.97592300
67156.32394200 -50.94215500
67156.76127600 -51.00291300
67157.08927700 -50.81847000
67159.82261600 -50.93212300
67159.93194900 -50.97312700
67160.25995000 -50.93437200
67161.35328500 -50.92860000
67161.68128600 -50.95627400
67161.89995300 -50.94085800
67162.44662100 -50.92061700
67162.88395500 -51.08887100
67162.99328800 -50.97089500
67165.83596100 -50.92854900
67166.71062900 -50.87140000
67167.47596400 -50.92955200
67167.80396400 -50.94736100
67168.02263100 -51.02640600
67168.24129900 -50.88538800
67168.35063200 -50.91433000
67168.89730000 -50.89625000
67169.00663300 -50.87783800
67171.73997200 -50.89956600
67171.84930600 -50.91818200
67172.94264100 -50.78060000
67173.16130800 -50.88893100
67173.59864200 -50.87057700
67174.03597600 -50.95060100
67177.09731600 -50.79684200
67178.95598600 -50.81456700
67179.72132100 -50.81640800
67180.48665600 -50.90022800
67183.32932800 -51.01594000
67184.31333000 -50.96941400
67184.42266300 -50.97078600
67185.62533200 -51.03819000
67188.35867100 -51.00090400
67188.79600500 -51.08383900
67189.12400600 -50.99394400
67190.10800800 -50.89956600
67190.32667500 -51.01510300
67191.52934400 -50.98565800
67194.70001600 -51.06271400
67195.79335200 -50.83078400
67196.55868700 -50.90633300
67199.72936000 -50.94451800
67200.38536100 -50.95928000
67201.47869600 -50.92373600
67201.69736300 -51.08933800
67205.74270400 -50.98437800
67208.25737600 -51.01077000
67211.97471700 -50.82934700
67212.08405000 -50.99027300
67212.84938500 -50.93303000
67213.17738600 -50.90746100
67213.50538600 -51.00559900
67214.27072100 -50.81706000
67216.89472600 -50.94706200
67217.11339300 -50.94106800
67217.22272700 -50.87583900
67217.76939400 -50.86823300
67218.64406300 -50.80078500
67218.75339600 -50.89437600
67219.62806500 -50.92198700
67222.36140300 -50.85481700
67222.68940400 -50.82415300
67223.01740500 -50.85030500
67223.45473900 -50.81856900
67223.56407200 -50.90849700
67224.11074000 -50.80018500
67224.87607500 -50.70887700
67225.09474200 -50.81702600
67225.20407600 -50.70651600
67228.37474800 -50.76656300
67228.48408200 -50.80352400
67229.14008300 -50.75447700
67229.46808400 -50.74092300
67230.01475100 -50.78409800
67230.67075300 -50.82720600
67231.43608800 -50.75989000
67234.16942600 -50.72128700
67234.71609400 -50.69953900
67235.26276200 -50.84624600
67235.80942900 -50.75651400
67236.68409800 -50.61825500
67236.90276500 -50.69613100
67240.07343800 -50.76513300
67240.62010500 -50.97319000
67241.82277400 -50.80711400
67242.47877600 -50.80796100
67242.91611000 -50.95468600
67243.02544300 -51.05472500
67243.24411000 -50.92951900
67246.52411700 -50.94645100
67246.63345000 -50.93762400
67248.60145400 -50.97870700
67249.25745500 -50.95984800
67249.47612200 -50.87149300
67249.69479000 -51.03348000
67249.91345700 -50.92456900
67253.08412900 -51.03607800
67253.74013100 -51.10921700
67254.06813100 -51.07228200
67254.61479900 -51.00453300
67254.72413300 -50.95961000
67255.16146700 -50.90470900
67255.48946700 -51.01533300
67256.14546900 -51.16708200
67256.25480200 -51.16794500
67256.36413600 -51.10568400
67256.91080400 -50.98599900
67257.23880400 -50.89897200
67257.34813800 -50.90616100
67257.67613800 -50.87730200
67258.98814100 -51.06295900
67259.42547500 -50.89856000
67259.97214300 -50.94179100
67260.08147600 -51.02430000
67260.19081000 -50.98275600
67260.62814400 -50.88520000
67260.84681100 -50.87513100
67261.17481200 -50.78964800
67261.83081300 -50.81195800
67262.26814700 -50.90376500
67262.81481500 -50.93034500
67263.90815000 -50.84444200
67267.07882300 -50.88008800
67267.51615700 -50.85439000
67268.50015900 -50.93775900
67269.92149500 -51.08824200
67270.14016200 -50.98369000
67270.35883000 -51.00604100
67270.57749700 -51.02878100
67271.01483100 -51.08321300
67271.12416400 -51.05675500
67271.34283100 -51.06305400
67274.07617000 -51.11241100
67274.73217100 -51.12980500
67276.15350700 -51.20253700
67276.70017500 -51.28472700
67276.91884200 -51.18418700
67280.08951500 -51.29834000
67281.40151800 -51.31967100
67281.83885200 -51.25341700
67281.94818500 -51.29382300
67282.27618600 -51.34625200
67282.60418700 -51.33728000
67283.04152100 -51.39764100
67283.15085400 -51.35378800
67285.44685900 -51.32782100
67286.43086100 -51.42060000
67286.64952800 -51.36400200
67287.30552900 -51.45506300
67288.07086400 -51.39190000
67288.72686500 -51.44607000
67291.13220300 -51.46612300
67291.24153700 -51.52466100
67291.46020400 -51.50518500
67292.55353900 -51.46497800
67292.77220600 -51.55781800
67293.75620800 -51.48521500
67294.30287600 -51.65948500
67297.03621500 -51.51499500
67297.80154900 -51.56250700
67298.23888400 -51.61488100
67298.45755100 -51.62321300
67298.56688400 -51.58735000
67298.67621800 -51.64655100
67299.22288500 -51.53342600
67299.55088600 -51.50336200
67299.87888700 -51.65531600
67300.42555400 -51.61349200
67300.97222200 -51.64399100
67302.06555800 -51.64536000
67302.28422500 -51.67665600
67302.61222500 -51.61714500
67303.15889300 -51.59882800
67303.37756000 -51.66575800
67303.92422800 -51.67179100
67304.25222900 -51.56609600
67304.68956300 -51.68465300
67305.01756300 -51.71550400
67305.45489800 -51.63299100
67305.56423100 -51.63508500
67305.78289800 -51.59772200
67306.32956600 -51.71268300
67306.87623400 -51.67845500
67307.20423400 -51.70748300
67307.96956900 -51.74809500
67308.29757000 -51.72350200
67308.40690300 -51.74753000
67309.28157200 -51.72134000
67309.50023900 -51.84093400
67309.60957200 -51.65158400
67309.82823900 -51.66687500
67310.04690600 -51.72743600
67310.59357400 -51.72517400
67310.81224100 -51.63418600
67311.03090800 -51.61918300
67311.46824200 -51.68220900
67311.79624300 -51.70781400
67312.01491000 -51.68936700
67312.12424400 -51.70938800
67312.45224400 -51.66440000
67312.88957900 -51.66951900
67313.32691300 -51.61554300
67313.54558000 -51.65078000
67313.65491300 -51.66493600
67314.31091500 -51.67493800
67314.42024800 -51.71715400
67314.74824900 -51.65913000
67314.96691600 -51.62024000
67315.07624900 -51.72152700
67315.18558300 -51.70063100
67316.06025100 -51.78751800
67316.60691900 -51.70460700
67316.71625300 -51.65234900
67317.15358700 -51.67024600
67317.48158700 -51.65090500
67317.59092100 -51.75834400
67318.13758900 -51.60757800
67318.35625600 -51.73002300
67318.57492300 -51.62269800
67318.79359000 -51.66435600
67319.44959100 -51.63448800
67319.77759200 -51.65604600
67319.88692500 -51.67470000
67320.54292700 -51.72023100
67322.07359600 -51.56620400
67322.29226300 -51.64139000
67323.05759800 -51.70160000
67323.16693200 -51.69167700
67323.27626500 -51.66253700
67323.71360000 -51.58447800
67323.93226700 -51.66776100
67324.15093400 -51.71425700
67324.36960100 -51.66004000
67324.58826800 -51.67184000
67324.69760100 -51.70355400
67325.02560200 -51.70744300
67325.35360300 -51.76558000
67325.46293600 -51.69668400
67325.57227000 -51.65962400
67325.90027000 -51.76462600
67326.22827100 -51.71810200
67326.44693800 -51.72688200
67326.55627200 -51.70079000
67326.66560500 -51.72968700
67326.77493900 -51.63591600
67327.10293900 -51.66548900
67327.64960700 -51.66210000
67328.19627500 -51.66222900
67328.30560800 -51.62816500
67328.41494200 -51.77452800
67328.63360900 -51.65238700
67328.74294300 -51.67901200
67328.96161000 -51.70349400
67329.39894400 -51.60577600
67329.50827700 -51.63901500
67329.94561200 -51.66283600
67330.05494500 -51.59972200
67330.38294600 -51.60841300
67330.49227900 -51.68532500
67330.82028000 -51.62785100
67331.47628100 -51.60191800
67331.58561500 -51.63947200
67332.02294900 -51.58150100
67332.13228200 -51.73734500
67332.46028300 -51.61610400
67333.33495100 -51.63729300
67333.44428500 -51.62051800
67334.10028600 -51.79267300
67334.20962000 -51.58392300
67334.86562100 -51.72996300
67335.08428800 -51.74173700
67335.19362200 -51.63713600
67335.84962300 -51.61094500
67336.17762400 -51.82254800
67336.28695700 -51.52359600
67336.72429100 -51.65219000
67336.94295800 -51.67146000
67337.05229200 -51.63276900
67337.16162600 -51.57711900
67337.38029300 -51.64259100
67337.59896000 -51.68451000
67337.70829300 -51.52487200
67338.69229500 -51.76272900
67339.78563100 -51.66752100
67339.89496400 -51.74851800
67340.00429800 -51.60441900
67340.11363100 -51.73104600
67340.22296500 -51.82486500
67340.66029900 -51.61683000
67340.76963300 -51.64853100
67341.31630000 -51.54332500
67341.53496700 -51.70884500
67341.75363400 -51.67702200
67341.86296800 -51.73724400
67342.30030200 -51.45849800
67342.62830300 -51.56633500
67342.95630300 -51.61724600
67343.39363800 -51.60210000
67343.61230500 -51.68654200
67344.04963900 -51.47674800
67344.26830600 -51.72744800
67344.92430700 -51.62323200
67345.14297400 -51.59656800
67345.25230800 -51.55632100
67345.47097500 -51.68136000
67345.58030900 -51.46871400
67346.12697600 -51.55072700
67346.45497700 -51.65965100
67346.78297800 -51.63594800
67346.89231100 -51.75555000
67347.43897900 -51.54757600
67347.76697900 -51.60880600
67347.98564700 -51.67742100
67348.42298100 -51.55585900
67348.64164800 -51.52436900
67349.07898200 -51.53514500
67349.40698300 -51.64519700
67349.84431700 -51.51222200
67350.06298400 -51.69849600
67350.82831900 -51.70613400
67351.04698600 -51.57767400
67351.15631900 -51.71910000
67351.48432000 -51.43226300
67351.70298700 -51.70403700
67352.03098800 -51.58939300
67352.35898800 -51.64727900
67352.79632200 -51.66011700
67353.67099100 -51.62071000
67353.99899100 -51.74139700
67354.43632600 -51.58331100
67354.54565900 -51.70918500
67355.20166000 -51.56118300
67355.31099400 -51.63161600
67355.52966100 -51.64411300
67355.85766200 -51.55976600
67356.29499600 -51.63727400
67356.51366300 -51.56393900
67356.62299700 -51.47435900
67356.73233000 -51.55887300
67359.46566900 -51.66589900
67360.23100400 -51.65080700
67360.88700500 -51.45264400
67361.65234000 -51.80913000
67361.76167300 -51.67726000
67361.98034000 -51.60609000
67362.19900700 -51.67552500
67363.94834400 -51.64604100
67364.05767800 -51.70001500
67364.38567800 -51.50830800
67365.04168000 -51.73511900
67365.15101300 -51.49923000
67365.26034700 -51.66644200
67365.80701400 -51.71248700
67366.13501500 -51.72114300
67366.24434900 -51.56457200
67366.46301600 -51.74819900
67367.44701800 -51.68799400
67368.43101900 -51.61810100
67368.64968700 -51.44039700
67368.97768700 -51.60308000
67369.19635400 -51.65606800
67369.41502100 -51.50449800
67370.07102300 -51.55095000
67370.61769000 -51.55393200
67370.94569100 -51.60421200
67371.16435800 -51.68713900
67371.71102600 -51.72507800
67371.92969300 -51.50994100
67372.36702700 -51.64817900
67372.69502800 -51.55358600
67373.46036200 -51.71529600
67373.89769700 -51.66790000
67374.33503100 -51.65360800
67375.10036600 -51.67099400
67375.86570000 -51.54056300
67376.30303500 -51.61301500
67376.52170200 -51.50159000
67376.63103500 -51.61441500
67376.84970200 -51.72755500
67377.39637000 -51.62944800
67377.50570400 -51.66259800
67378.05237100 -51.55628800
67378.59903900 -51.64605800
67379.47370700 -51.59489400
67379.80170800 -51.50517000
67381.98837900 -51.66826200
67382.09771300 -51.58730900
67382.31638000 -51.72420700
67382.42571300 -51.74129200
67382.53504700 -51.57843000
67382.64438000 -51.68151200
67383.30038200 -51.64974500
67383.40971500 -51.61576800
67385.48705200 -51.53321600
67386.25238700 -51.71958100
67386.47105400 -51.64314700
67386.68972100 -51.63608400
67386.79905500 -51.70969100
67386.90838900 -51.72037900
67387.12705600 -51.61808500
67388.65772500 -51.75056400
67388.76705900 -51.75821300
67389.09505900 -51.61617500
67389.75106100 -51.56995900
67390.95373000 -51.62577200
67391.71906400 -51.51907600
67392.70306600 -51.56617100
67394.01506900 -51.70018500
67394.12440200 -51.71100100
67394.56173700 -51.62375900
67394.67107000 -51.73511800
67395.43640500 -51.76330900
67395.98307300 -51.64000400
67396.63907400 -51.44033200
67398.71641100 -51.65015200
67399.15374600 -51.69909400
67401.12174900 -51.61722900
67402.21508500 -51.69267700
67402.76175300 -51.67195600
67403.41775400 -51.61438000
67403.52708700 -51.85383600
67403.85508800 -51.85693900
67409.10309800 -51.82462700
67419.81778600 -51.61800000
67421.89512300 -51.54947500
67424.19112700 -51.76355000
67454.36718600 -51.68105400
67458.63119400 -51.60653800
67466.28454200 -51.70199200
67480.60723700 -51.83097600
67480.82590400 -51.72803600
67483.01257500 -51.86368400
67486.29258100 -51.53805200
67497.66327000 -51.75392200
67505.53528500 -51.79880500
67512.42329800 -51.78204500
67523.68465300 -51.94955800
67527.40199400 -51.85332600
67527.51132700 -51.78111800
67527.72999400 -51.89565900
67528.82333000 -51.79987500
67531.22866800 -51.53540100
67533.41533900 -51.75779600
67535.16467500 -51.59227700
67535.27400900 -51.82002200
67536.47667800 -51.87772400
67536.58601200 -51.89560400
67538.88201600 -51.69078900
67539.21001700 -51.71815000
67539.53801700 -51.55054700
67539.64735100 -51.57202000
67539.75668400 -51.71133100
67539.86601800 -51.56982500
67539.97535100 -51.89189900
67541.61535500 -51.75576100
67542.38068900 -51.82390100
67543.80202600 -51.53377100
67545.00469500 -51.78245800
67546.20736400 -51.60127400
67546.86336500 -51.53778500
67547.73803300 -51.72622600
67549.05003600 -51.59220500
67550.14337100 -51.56835500
67550.25270500 -51.85579500
67550.69003900 -51.80595700
67551.34604000 -51.70905000
67552.00204100 -51.56002200
67552.22070900 -51.69142200
67553.20471000 -51.68924500
67553.86071200 -51.70301000
67554.29804600 -51.70911100
67554.73538000 -51.75742200
67555.06338100 -51.54627100
67555.82871500 -51.59761400
67555.93804900 -51.80025200
67556.26605000 -51.80053400
67557.68738600 -51.61198700
67558.23405300 -51.69409200
67559.21805500 -51.72939800
67559.76472300 -51.84210300
67559.98339000 -51.49958300
67561.40472600 -51.62528300
67561.84206000 -51.78370200
67562.27939500 -51.65068800
67562.60739500 -51.65518900
67563.04472900 -51.51047600
67563.15406300 -51.74543000
67564.13806500 -51.69811300
67565.45006700 -51.69833800
67565.55940100 -51.61851500
67567.74607200 -51.67537300
67568.51140700 -51.59987700
67568.73007400 -51.56329200
67569.27674200 -51.57093900
67569.71407600 -51.64290800
67569.93274300 -51.68904500
67570.69807800 -51.62738600
67570.91674500 -51.54005900
67571.02607800 -51.54590200
67571.24474500 -51.59436600
67571.57274600 -51.46897000
67572.33808100 -51.56182000
67573.32208300 -51.67849300
67573.54075000 -51.44329400
67573.86875000 -51.50024100
67574.96208600 -51.64936900
67576.16475500 -51.67247900
67576.71142300 -51.57853700
67576.82075600 -51.67940500
67577.03942300 -51.73133400
67577.25809000 -51.66493000
67577.36742400 -51.59187700
67577.69542400 -51.64144000
67577.80475800 -51.60064700
67578.02342500 -51.69011800
67579.44476100 -51.60609300
67579.55409500 -51.60135200
67580.10076200 -51.67017400
67580.31943000 -51.61099500
67580.42876300 -51.61735400
67580.53809700 -51.55930000
67580.97543100 -51.50171100
67581.08476400 -51.69675900
67581.41276500 -51.62691000
67581.52209900 -51.61231200
67581.85009900 -51.43465600
67582.06876600 -51.50790700
67582.28743300 -51.67819100
67582.61543400 -51.50080700
67583.27143500 -51.64045800
67583.81810300 -51.65275800
67584.58343800 -51.48373600
67584.91143800 -51.53153200
67585.34877300 -51.53586000
67585.45810600 -51.54270300
67586.00477400 -51.57859800
67586.22344100 -51.56117400
67587.20744300 -51.69094300
67587.75411100 -51.54340300
67587.86344400 -51.51708100
67588.30077800 -51.59746000
67588.41011200 -51.57447100
67588.62877900 -51.50411900
67588.73811300 -51.57607300
67588.84744600 -51.53577200
67589.06611300 -51.50882100
67589.39411400 -51.51380800
67589.61278100 -51.57550400
67590.48744900 -51.50004400
67590.70611600 -51.63968000
67590.92478300 -51.57669400
67591.25278400 -51.71140900
67591.36211800 -51.59855800
67592.01811900 -51.59349100
67592.12745200 -51.58716100
67592.45545300 -51.51334700
67592.67412000 -51.45943300
67592.78345400 -51.53456200
67593.33012100 -51.59088800
67593.98612300 -51.63711700
67594.31412300 -51.57743800
67594.97012500 -51.42888500
67595.18879200 -51.53714000
67595.51679200 -51.55589300
67595.62612600 -51.55222400
67595.73545900 -51.48964600
67595.84479300 -51.51043800
67596.06346000 -51.44063200
67596.61012800 -51.65725200
67596.71946100 -51.57177200
67597.04746200 -51.52309100
67597.59413000 -51.53769500
67597.70346300 -51.57708200
67599.45280000 -51.59218600
67600.10880100 -51.55390500
67600.32746800 -51.50667700
67600.98347000 -51.62250800
67601.85813800 -51.48799600
67601.96747100 -51.50783000
67602.07680500 -51.52615000
67602.62347300 -51.42044200
67602.95147300 -51.50284700
67603.06080700 -51.63014700
67603.71680800 -51.59097500
67603.82614200 -51.41558800
67604.15414200 -51.52766300
67604.37280900 -51.47514400
67604.59147700 -51.58760700
67604.81014400 -51.41284200
67605.24747800 -51.50126800
67605.46614500 -51.52295200
67605.68481200 -51.50032200
67606.01281300 -51.47332100
67606.23148000 -51.50757600
67606.45014700 -51.63402100
67607.10614800 -51.44205800
67607.21548200 -51.42605900
67607.32481500 -51.61714000
67607.43414900 -51.53247200
67608.09015000 -51.35682600
67608.41815100 -51.48390100
67608.52748400 -51.58693800
67608.63681800 -51.47321200
67608.74615100 -51.30967600
67608.85548500 -51.49669600
67608.96481800 -51.29492800
67609.07415200 -51.54145800
67609.18348500 -51.48096800
67609.40215300 -51.36576100
67609.94882000 -51.32221600
67610.05815400 -51.53766200
67610.38615400 -51.36243900
67610.71415500 -51.49153800
67610.82348900 -51.42637600
67611.47949000 -51.50292900
67611.58882300 -51.55902900
67611.91682400 -51.54851600
67612.02615800 -51.39427500
67612.13549100 -51.50335300
67612.46349200 -51.50693300
67613.22882700 -51.53668000
67613.77549400 -51.60125800
67614.10349500 -51.57957900
67614.65016300 -51.44582100
67614.86883000 -51.50534400
67615.41549700 -51.42094700
67615.85283200 -51.44626900
67615.96216500 -51.52812500
67616.50883300 -51.40683100
67616.83683400 -51.45249200
67617.38350100 -51.32363900
67618.03950300 -51.41780800
67618.25817000 -51.49381400
67618.58617000 -51.40959600
67619.57017200 -51.34189600
67619.78883900 -51.45771700
67620.44484100 -51.40880600
67621.21017500 -51.36082000
67621.53817600 -51.46077400
67622.19417700 -51.33348600
67622.74084500 -51.44213900
67623.17817900 -51.47661700
67623.28751300 -51.31794200
67623.61551300 -51.32937600
67623.72484700 -51.27281400
67623.83418000 -51.27519200
67624.05284800 -51.46975300
67624.16218100 -51.44587900
67624.38084800 -51.46759500
67624.49018200 -51.39464500
67624.59951500 -51.36454500
67625.14618300 -51.48376600
67625.80218400 -51.42436000
67626.13018500 -51.31526600
67626.23951800 -51.54760100
67626.56751900 -51.47372400
67626.89552000 -51.31876400
67627.00485300 -51.35923700
67627.44218700 -51.46008500
67627.87952200 -51.28072600
67629.30085800 -51.35237400
67629.41019100 -51.38726600
67629.62885800 -51.27549800
67630.28486000 -51.40280800
67630.50352700 -51.28825500
67631.05019400 -51.33078100
67631.15952800 -51.37550700
67631.92486300 -51.30176000
67632.90886500 -51.26573100
67633.23686500 -51.23574700
67633.34619900 -51.26028400
67633.45553200 -51.34335600
67633.56486600 -51.30215600
67633.89286700 -51.32823100
67634.11153400 -51.32406300
67634.43953400 -51.31921900
67634.54886800 -51.32358000
67634.65820100 -51.38998800
67635.09553600 -51.39381500
67635.31420300 -51.40834400
67635.53287000 -51.42950500
67635.64220300 -51.31775300
67636.07953700 -51.36999800
67636.62620500 -51.35266700
67637.39154000 -51.34379400
67637.82887400 -51.34749800
67638.04754100 -51.43508800
67638.48487500 -51.26038900
67639.03154300 -51.21262000
67639.14087700 -51.42854600
67639.79687800 -51.23919200
67640.34354600 -51.25714900
67640.45287900 -51.34892900
67640.78088000 -51.35117000
67640.99954700 -51.28697900
67641.10888100 -51.25929000
67641.43688100 -51.15000100
67641.65554800 -51.10178900
67641.76488200 -51.33618100
67641.98354900 -51.25023300
67642.20221600 -51.24903900
67642.31155000 -51.27890300
67642.53021700 -51.17033400
67642.63955000 -51.23054000
67643.40488500 -51.24717800
67643.73288600 -51.22396400
67643.84221900 -51.24416400
67644.06088600 -51.18629600
67644.38888700 -51.26177300
67644.49822000 -51.15120500
67644.71688800 -51.17960300
67645.81022300 -51.26334400
67646.02889000 -51.18294800
67646.13822400 -51.22023000
67646.24755700 -51.38597300
67646.46622400 -51.12829800
67646.57555800 -51.14886100
67646.68489100 -51.22855800
67647.12222600 -51.12342700
67647.45022600 -51.23059100
67648.54356200 -51.17493300
67648.65289500 -51.23763100
67648.87156200 -51.11253800
67649.41823000 -51.09698700
67649.63689700 -51.14790500
67649.74623100 -51.21823300
67649.85556400 -51.23967800
67650.29289800 -51.20392200
67650.51156500 -51.08571800
67651.27690000 -51.17969400
67652.15156900 -51.15672700
67652.26090200 -51.07400000
67652.58890300 -51.23423100
67653.35423800 -51.05515900
67654.55690700 -51.24673400
67654.66624000 -51.05596500
67654.88490700 -50.98471800
67655.10357400 -51.22990400
67655.86890900 -51.26836800
67655.97824300 -51.16322000
67656.08757600 -51.18169600
67657.07157800 -51.02955900
67657.29024500 -51.13605300
67658.93024800 -51.20976700
67659.03958200 -51.24100000
67659.14891500 -51.10596600
67660.02358400 -51.03515000
67660.46091800 -50.99357600
67661.88225400 -51.01850400
67661.99158800 -51.15557900
67662.21025500 -51.12192400
67662.31958800 -51.04522100
67662.42892200 -51.05942600
67662.53825500 -51.15383400
67662.75692200 -51.09458200
67662.97559000 -51.04028500
67663.41292400 -51.22426800
67664.61559300 -51.12361200
67664.72492600 -51.00064800
67664.83426000 -51.07430600
67665.70892800 -51.07797700
67665.81826200 -51.20512000
67665.92759500 -51.03789200
67666.14626200 -51.13478100
67666.36492900 -51.11116200
67666.58359700 -51.03385600
67667.45826500 -51.00299200
67667.67693200 -50.89935500
67667.89559900 -51.11300600
67668.00493300 -51.05582100
67668.44226700 -51.00404300
67668.55160000 -50.98859400
67668.87960100 -51.09604800
67669.31693500 -51.19598100
67669.42626900 -51.04946500
67669.97293600 -50.97920000
67670.19160400 -51.10113400
67670.41027100 -51.06508900
67670.84760500 -50.97371200
67671.17560500 -51.04273400
67671.83160700 -51.00019200
67672.15960700 -50.91779000
67672.26894100 -51.02903200
67672.37827400 -51.16059200
67672.59694200 -51.13315800
67672.70627500 -50.98147200
67672.92494200 -51.06602600
67673.47161000 -51.11148700
67673.58094300 -51.00567700
67673.69027700 -51.00281900
67674.01827800 -51.01044100
67674.12761100 -51.10599200
67674.34627800 -51.00402100
67674.45561200 -50.98056100
67674.56494500 -51.03274100
67675.11161300 -50.88045700
67675.43961400 -50.87525000
67676.53294900 -51.02241200
67677.07961700 -50.92384100
67677.29828400 -50.94236700
67677.62628500 -51.09908300
67677.73561800 -51.04759000
67677.84495200 -51.00655700
67677.95428500 -50.97940900
67678.17295200 -51.03547900
67678.61028600 -51.11299500
67678.71962000 -51.08137700
67679.04762100 -51.00372800
67679.92228900 -51.02481200
67680.25029000 -50.98894700
67680.68762400 -51.05029400
67680.79695700 -51.02377300
67681.01562400 -51.17069000
67681.12495800 -51.02605300
67681.23429200 -51.02719600
67681.67162600 -51.06864400
67682.10896000 -50.96577300
67682.65562800 -51.01808800
67682.76496100 -51.06442300
67683.20229500 -51.00674200
67683.31162900 -51.05498800
67683.74896300 -50.93003400
67683.85829700 -50.92769000
67684.29563100 -51.03530200
67684.51429800 -51.03637600
67684.62363100 -51.08226300
67684.73296500 -51.07154400
67685.49830000 -50.95248000
67685.60763300 -51.00843000
67685.71696700 -50.90776900
67685.82630000 -51.05387800
67685.93563400 -50.98739600
67686.04496800 -51.00376000
67686.15430100 -50.92554800
67686.26363500 -50.96297300
67686.37296800 -50.98356800
67686.48230200 -51.07989700
67686.70096900 -50.90519500
67686.91963600 -51.16788800
67687.02896900 -50.96112900
67687.35697000 -50.87712400
67687.68497100 -51.10957400
67687.90363800 -50.93372000
67688.66897300 -50.92831700
67688.88764000 -51.07006200
67688.99697300 -51.06346200
67689.10630700 -50.99263200
67689.54364100 -51.09943500
67690.30897600 -51.10360300
67690.41830900 -51.05138900
67690.63697600 -51.01466700
67690.74631000 -51.14426200
67690.85564400 -50.98446300
67691.07431100 -50.95586400
67691.18364400 -50.99794400
67691.29297800 -50.92784100
67691.40231100 -50.93833300
67691.62097800 -50.94593900
67691.83964500 -51.10655600
67692.05831300 -51.10461000
67692.16764600 -50.99628800
67692.27698000 -51.17280000
67692.49564700 -51.12198700
67692.60498000 -51.16204500
67693.04231400 -51.11386300
67693.80764900 -51.03070400
67693.91698300 -51.04060600
67694.13565000 -51.12651800
67694.24498300 -51.06206500
67694.35431700 -51.15837800
67694.57298400 -51.07631600
67694.79165100 -51.13416100
67695.01031800 -51.08798900
67695.22898500 -51.02193900
67695.33831900 -51.10273100
67695.44765200 -51.11807300
67695.55698600 -51.11564000
67695.66632000 -51.16210700
67695.88498700 -51.07483100
67696.10365400 -51.04613600
67696.32232100 -51.11874900
67696.43165400 -51.14760300
67696.75965500 -51.15193100
67697.30632300 -51.14531200
67697.41565600 -51.10384200
67697.52499000 -51.15672300
67697.74365700 -51.16727400
67697.96232400 -51.15151800
67698.07165700 -51.29636600
67698.61832500 -51.20341200
67698.72765900 -51.23962700
67698.83699200 -51.12059200
67698.94632600 -51.15314000
67699.38366000 -51.16814800
67699.82099400 -51.14104300
67700.03966100 -51.17440700
67700.14899500 -51.21375000
67700.25832800 -51.17907400
67700.58632900 -51.32643700
67700.80499600 -51.19029400
67700.91433000 -51.30992500
67701.24233000 -51.23892400
67701.35166400 -51.32747500
67701.57033100 -51.14876200
67702.00766500 -51.30207600
67702.11699900 -51.34796800
67702.22633200 -51.29872600
67702.33566600 -51.30633100
67703.10100100 -51.27385300
67703.21033400 -51.25912400
67703.31966800 -51.23875800
67703.64766800 -51.33964400
67704.08500200 -51.32459200
67704.30367000 -51.36586000
67704.41300300 -51.34894500
67704.52233700 -51.38929000
67704.63167000 -51.42632600
67704.74100400 -51.36914300
67704.95967100 -51.36245500
67705.06900400 -51.36782400
67705.17833800 -51.32299500
67705.50633900 -51.45024700
67705.61567200 -51.50826300
67705.83433900 -51.43847300
67705.94367300 -51.38444700
67706.16234000 -51.36455200
67706.27167300 -51.49010300
67706.38100700 -51.45237600
67706.59967400 -51.47613500
67706.92767500 -51.39941100
67707.03700800 -51.37626700
67707.25567500 -51.43860800
67707.36500900 -51.53368400
67707.47434200 -51.40340800
67707.80234300 -51.52361800
67707.91167700 -51.44108100
67708.02101000 -51.43402700
67708.13034400 -51.50966300
67708.23967700 -51.56674400
67708.34901100 -51.40556600
67708.45834400 -51.50435600
67708.56767800 -51.39239300
67709.11434600 -51.45178000
67709.22367900 -51.46458700
67709.44234600 -51.51704900
67709.77034700 -51.55467200
67709.87968000 -51.61555800
67709.98901400 -51.49155100
67710.09834700 -51.42015000
67710.20768100 -51.52249600
67710.31701500 -51.45005600
67710.53568200 -51.51985200
67710.64501500 -51.42430500
67710.75434900 -51.48003100
67710.86368200 -51.41644100
67711.08234900 -51.46173800
67711.19168300 -51.46484000
67711.41035000 -51.45403500
67711.51968400 -51.47140500
67711.62901700 -51.55385100
67711.73835100 -51.42439300
67711.95701800 -51.54700300
67712.39435200 -51.43468600
67712.61301900 -51.47237900
67712.72235300 -51.54456900
67712.83168600 -51.48353900
67712.94102000 -51.48717000
67713.15968700 -51.50275300
67713.26902000 -51.50687900
67713.37835400 -51.50054800
67713.48768700 -51.51916200
67713.59702100 -51.44999100
67713.92502200 -51.47800200
67714.03435500 -51.49043200
67714.47168900 -51.52231000
67714.58102300 -51.48176700
67714.69035600 -51.51769400
67714.79969000 -51.48351300
67715.12769100 -51.49482300
67715.23702400 -51.48706100
67715.34635800 -51.58322200
67715.45569100 -51.46145800
67715.56502500 -51.47618500
67715.67435800 -51.56429000
67715.89302500 -51.44900800
67716.11169200 -51.58483600
67716.22102600 -51.49784100
67716.33036000 -51.45339400
67716.54902700 -51.45575300
67716.65836000 -51.50220600
67716.98636100 -51.48773900
67717.09569400 -51.43941300
67717.20502800 -51.52256100
67717.31436100 -51.49976700
67717.42369500 -51.53337900
67717.53302800 -51.51179800
67717.64236200 -51.50036700
67717.86102900 -51.54063900
67718.07969600 -51.54182200
67718.18903000 -51.49845600
67718.29836300 -51.50861700
67718.40769700 -51.51522000
67718.73569700 -51.55764200
67718.84503100 -51.43790000
67718.95436500 -51.49692900
67719.39169900 -51.44676900
67719.50103200 -51.52258400
67719.71969900 -51.50176800
67719.82903300 -51.58689200
67719.93836600 -51.47291300
67720.26636700 -51.67424900
67720.48503400 -51.58437200
67720.59436800 -51.59832000
67720.92236800 -51.65654100
67721.03170200 -51.64930500
67721.14103500 -51.64831900
67721.25036900 -51.60167900
67721.35970300 -51.57638600
67721.46903600 -51.62676100
67722.01570400 -51.68837900
67722.12503700 -51.55780100
67722.23437100 -51.63574900
67722.34370400 -51.66724700
67722.45303800 -51.61515900
67722.56237200 -51.65682200
67722.89037200 -51.62776600
67723.32770600 -51.60422200
67723.43704000 -51.68848100
67723.54637300 -51.68798400
67723.65570700 -51.54557500
67723.87437400 -51.54863500
67724.09304100 -51.61713200
67724.20237500 -51.54699500
67724.42104200 -51.52755200
67724.53037500 -51.60136300
67724.63970900 -51.53519300
67725.07704300 -51.49153600
67725.40504400 -51.57703500
67725.84237800 -51.52016900
67725.95171100 -51.52154000
67726.17037900 -51.52595400
67726.60771300 -51.48375800
67726.82638000 -51.46072900
67727.04504700 -51.42177400
67727.37304800 -51.48858000
67727.48238100 -51.43059800
67727.70104800 -51.36541800
67727.91971500 -51.42121100
67728.02904900 -51.43610100
67728.13838200 -51.39531100
67728.35704900 -51.46763400
67728.57571700 -51.41725900
67728.68505000 -51.46229400
67728.79438400 -51.43222000
67728.90371700 -51.44670000
67729.01305100 -51.47100800
67729.12238400 -51.44032600
67729.23171800 -51.48127300
67729.34105100 -51.45047500
67729.45038500 -51.43292600
67729.55971800 -51.47618000
67729.66905200 -51.41325100
67729.77838600 -51.37501700
67729.99705300 -51.42178800
67730.10638600 -51.47016300
67730.21572000 -51.42243100
67730.32505300 -51.39373600
67730.54372000 -51.45722000
67730.65305400 -51.44111700
67730.76238700 -51.45145400
67730.87172100 -51.40926500
67730.98105500 -51.38469600
67731.09038800 -51.40810300
67731.19972200 -51.42903800
67731.30905500 -51.45026000
67731.41838900 -51.46326000
67731.52772200 -51.41056600
67731.74638900 -51.43467600
67731.85572300 -51.37714200
67731.96505600 -51.40648600
67732.07439000 -51.40087600
67732.18372400 -51.43013300
67732.40239100 -51.40736500
67732.62105800 -51.35938600
67732.73039100 -51.41941300
67732.83972500 -51.38400900
67732.94905800 -51.36255900
67733.05839200 -51.37170400
67733.82372700 -51.28591200
67734.04239400 -51.37494400
67734.15172700 -51.26446200
67734.37039400 -51.46225100
67734.80772900 -51.40503900
67735.02639600 -51.35857700
67735.24506300 -51.43771400
67735.46373000 -51.42231300
67735.57306300 -51.41893200
67735.90106400 -51.33930900
67736.11973100 -51.35945500
67736.22906500 -51.44646700
67736.44773200 -51.42986900
67736.55706500 -51.37195400
67736.77573200 -51.42723100
67736.99440000 -51.39181200
67737.21306700 -51.41215600
67737.43173400 -51.48193100
67737.86906800 -51.51929600
67738.08773500 -51.40243700
67738.41573600 -51.50368300
67738.74373600 -51.52560000
67738.85307000 -51.48264100
67739.29040400 -51.46309500
67739.61840500 -51.34932400
67739.72773800 -51.36927400
67739.83707200 -51.32221200
67740.05573900 -51.49703900
67740.16507200 -51.37458300
67740.27440600 -51.55267900
67740.38373900 -51.42352500
67740.49307300 -51.41884800
67740.82107400 -51.41050000
67740.93040700 -51.60216900
67741.03974100 -51.50961200
67741.14907400 -51.40145900
67741.80507500 -51.44542400
67742.02374300 -51.35466300
67742.24241000 -51.49500300
67742.46107700 -51.33816000
67742.57041000 -51.36612000
67742.67974400 -51.55985400
67742.89841100 -51.46333200
67743.11707800 -51.46986100
67743.33574500 -51.42741400
67743.44507900 -51.41684000
67743.66374600 -51.48284800
67743.88241300 -51.55100500
67744.10108000 -51.45799700
67744.64774800 -51.45869800
67745.08508200 -51.51791500
67745.19441500 -51.55594600
67745.30374900 -51.46446600
67745.52241600 -51.53430400
67745.63175000 -51.50982700
67745.74108300 -51.50956700
67745.95975000 -51.50012400
67746.06908400 -51.46589300
67746.61575100 -51.51394200
67746.94375200 -51.53703600
67747.16241900 -51.52830400
67747.49042000 -51.58686700
67747.59975300 -51.59723100
67747.81842000 -51.58317300
67747.92775400 -51.57720800
67748.36508800 -51.51859700
67748.47442200 -51.51433400
67748.58375500 -51.54400600
67748.80242200 -51.51479600
67748.91175600 -51.61514900
67749.13042300 -51.50923100
67749.45842400 -51.59567500
67749.67709100 -51.58684700
67750.00509100 -51.59507400
67750.22375800 -51.68433400
67750.33309200 -51.51531100
67750.44242600 -51.57602400
67750.66109300 -51.57751500
67751.09842700 -51.60566400
67751.31709400 -51.58129600
67751.53576100 -51.54919000
67751.64509500 -51.53386000
67751.86376200 -51.64682300
67752.08242900 -51.56408400
67752.41042900 -51.57500300
67752.62909600 -51.57329500
67752.73843000 -51.54483400
67752.84776400 -51.52795000
67753.06643100 -51.56787500
67753.28509800 -51.57374500
67753.83176500 -51.56006600
67753.94109900 -51.65457100
67754.05043300 -51.52134200
67754.59710000 -51.58163000
67754.81576700 -51.51296700
67755.03443400 -51.63155500
67755.36243500 -51.57682400
67755.58110200 -51.48213000
67755.69043600 -51.56674700
67755.79976900 -51.57925100
67755.90910300 -51.55918500
67756.01843600 -51.46078700
67756.45577100 -51.58009100
67756.89310500 -51.42105700
67757.11177200 -51.36759200
67757.43977200 -51.50744500
67757.54910600 -51.40366000
67757.65844000 -51.45832000
67757.76777300 -51.44710300
67757.87710700 -51.40202900
67757.98644000 -51.44935600
67758.09577400 -51.45158600
67758.31444100 -51.52165900
67758.42377400 -51.40738100
67758.64244100 -51.43261500
67758.75177500 -51.47329200
67759.29844300 -51.39624900
67759.40777600 -51.46243100
67759.51711000 -51.42292400
67759.62644300 -51.47530600
67759.73577700 -51.40236800
67760.06377700 -51.45640800
67760.61044500 -51.38033400
67760.93844600 -51.38721300
67761.15711300 -51.35209900
67761.37578000 -51.41150500
67761.48511400 -51.35518100
67761.81311400 -51.38232400
67761.92244800 -51.36442000
67762.03178100 -51.45628300
67762.35978200 -51.42959400
67762.46911500 -51.30918300
67762.57844900 -51.42612700
67762.79711600 -51.41973300
67762.90645000 -51.40531200
67763.12511700 -51.39311900
67763.45311700 -51.38514300
67763.78111800 -51.33966800
67764.10911900 -51.37869200
67764.32778600 -51.42022400
67764.43711900 -51.33380500
67764.65578600 -51.35359700
67765.09312100 -51.45286500
67765.31178800 -51.32893700
67765.42112100 -51.40991600
67766.29579000 -51.42995300
67766.62379000 -51.34307100
67766.84245700 -51.38039500
67767.06112400 -51.39027700
67767.27979100 -51.35891300
67767.60779200 -51.32211200
67767.71712600 -51.31469500
67767.82645900 -51.39944200
67768.26379300 -51.38814100
67768.59179400 -51.34745900
67769.02912800 -51.30893700
67769.13846200 -51.28982100
67769.57579600 -51.38648800
67769.68512900 -51.31683900
67769.79446300 -51.30769800
67769.90379700 -51.33543700
67770.01313000 -51.32623600
67770.45046400 -51.31205800
67770.55979800 -51.40455000
67770.66913100 -51.24858100
67770.77846500 -51.35375900
67771.10646600 -51.31110500
67771.21579900 -51.35028900
67771.32513300 -51.32903900
67771.54380000 -51.36366700
67771.76246700 -51.32797100
67772.09046700 -51.33778400
67772.19980100 -51.37516000
67772.41846800 -51.29613300
67772.52780200 -51.37407700
67772.63713500 -51.29475100
67772.96513600 -51.31991400
67773.29313600 -51.34029200
67773.51180400 -51.33836800
67773.73047100 -51.32755200
67773.83980400 -51.27336700
67774.05847100 -51.24565800
67774.16780500 -51.32733300
67774.49580500 -51.36246000
67774.71447300 -51.31115800
67774.93314000 -51.29224500
67775.37047400 -51.29112400
67776.13580900 -51.24612200
67776.57314300 -51.28680200
67776.68247600 -51.40544500
67776.79181000 -51.28089400
67777.01047700 -51.22502400
67777.11981100 -51.29907200
67777.44781100 -51.31027400
67777.55714500 -51.30847200
67777.88514500 -51.38944800
67777.99447900 -51.27175100
67778.10381200 -51.21269100
67778.21314600 -51.33764000
67778.43181300 -51.19731700
67778.65048000 -51.20558800
67778.97848100 -51.28587800
67779.41581500 -51.21993900
67779.52514800 -51.34814700
67779.74381600 -51.32925700
67779.96248300 -51.26682200
67780.18115000 -51.19227500
67780.39981700 -51.22156900
67780.50915000 -51.24279800
67780.72781700 -51.26534700
67780.83715100 -51.27788400
67780.94648500 -51.27326200
67781.16515200 -51.24762800
67781.27448500 -51.22701300
67781.49315200 -51.24413900
67781.60248600 -51.35571200
67781.82115300 -51.19210100
67782.03982000 -51.18962800
67782.14915400 -51.27487300
67782.25848700 -51.30779800
67782.36782100 -51.29320800
67782.58648800 -51.24186500
67782.69582100 -51.21133300
67782.91448800 -51.19990400
67783.02382200 -51.40555600
67783.24248900 -51.21813400
67783.35182300 -51.30661500
67783.89849000 -51.25462700
67784.11715700 -51.15358400
67784.33582400 -51.27184600
67784.44515800 -51.24727700
67784.66382500 -51.22909800
67785.21049300 -51.35586700
67785.53849300 -51.26961300
67785.64782700 -51.20722000
67785.97582800 -51.19408300
67786.08516100 -51.23092300
67786.30382800 -51.30239400
67786.52249500 -51.22322600
67787.17849700 -51.21366500
67787.39716400 -51.10988000
67787.83449800 -51.24344700
67787.94383100 -51.16431100
67788.70916600 -51.25972400
67788.81850000 -51.17899400
67789.14650000 -51.22442700
67789.25583400 -51.21925600
67790.02116900 -51.19130200
67790.13050200 -51.17159300
67790.45850300 -51.17605200
67790.67717000 -51.17323500
67791.22383800 -51.21082800
67791.44250500 -51.20188600
67791.66117200 -51.17897900
67791.87983900 -51.18307300
67791.98917300 -51.18550300
67792.31717300 -51.21949200
67792.53584000 -51.29069400
67792.64517400 -51.11865200
67793.19184200 -51.20142600
67793.30117500 -51.20710000
67793.41050900 -51.18262200
67793.51984200 -51.15542700
67793.73850900 -51.12509000
67793.95717600 -51.22742800
67794.17584400 -51.22285400
67794.39451100 -51.16258100
67794.61317800 -51.23680400
67794.83184500 -51.16763000
67794.94117800 -51.19570300
67795.15984500 -51.12423200
67795.48784600 -51.14824700
67795.81584700 -51.13041600
67796.03451400 -51.12437400
67796.36251400 -51.19123700
67796.47184800 -51.11711100
67796.58118200 -51.25817000
67796.90918200 -51.22038900
67797.23718300 -51.13922100
67797.45585000 -51.18523900
67797.78385100 -51.14747000
67797.89318400 -51.16581900
67798.00251800 -51.18224600
67798.22118500 -51.14813400
67798.54918500 -51.14047500
67798.65851900 -51.14050700
67798.98652000 -51.15335100
67799.09585300 -51.14773200
67799.20518700 -51.17795200
67799.42385400 -51.18215100
67799.75185400 -51.14702900
67800.18918800 -51.13988400
67800.40785600 -51.11877500
67800.51718900 -51.13783600
67800.62652300 -51.22392600
67800.95452300 -51.20027800
67801.17319000 -51.23604100
67801.28252400 -51.20116800
67801.82919200 -51.21808700
67801.93852500 -51.11552500
67802.15719200 -51.17668500
67802.70386000 -51.17532100
67803.14119400 -51.11313400
67803.35986100 -51.14837300
67803.57852800 -51.13220900
67803.90652900 -51.22031100
67804.01586300 -51.16745700
67804.23453000 -51.12288700
67804.34386300 -51.15615800
67804.67186400 -51.08888400
67804.89053100 -51.18042000
67804.99986400 -51.14935600
67805.10919800 -51.14638900
67805.43719900 -51.16174800
67805.54653200 -51.15694700
67805.65586600 -51.15046800
67806.20253300 -51.19143600
67806.31186700 -51.12004000
67806.53053400 -51.06771200
67807.07720200 -51.05730200
67807.29586900 -51.15668500
67807.40520200 -51.11842300
67807.84253700 -51.12669400
67807.95187000 -51.13766700
67808.27987100 -51.13246600
67808.49853800 -51.12106000
67808.93587200 -51.06177000
67809.26387300 -51.12803500
67809.48254000 -51.13720600
67809.59187300 -51.08191700
67812.32521200 -51.10076000
67812.76254600 -51.14495000
67812.98121300 -51.16081000
67813.19988000 -51.10058000
67813.52788100 -51.13660300
67813.85588200 -51.10174000
67814.07454900 -51.10263000
67814.18388200 -51.09932200
67814.62121600 -51.11459200
67814.73055000 -51.13052400
67814.94921700 -51.14699800
67815.27721800 -51.14309100
67815.49588500 -51.16108300
67815.82388500 -51.09772600
67816.26122000 -51.16882100
67816.37055300 -51.19529200
67816.69855400 -51.14608600
67817.24522200 -51.11677200
67817.46388900 -51.08402100
67818.11989000 -51.11370800
67818.55722400 -51.16875300
67818.88522500 -51.11973900
67819.21322500 -51.10947200
67819.43189200 -51.12858800
67819.54122600 -51.10627800
67819.75989300 -51.15628500
67819.97856000 -51.10181300
67820.19722700 -51.10892300
67820.30656100 -51.10605200
67820.52522800 -51.10417800
67820.63456100 -51.11353800
67821.18122900 -51.07571300
67821.39989600 -51.06614500
67821.50923000 -51.13340400
67821.72789700 -51.13300800
67822.05589700 -51.19288900
67822.27456500 -51.07710100
67822.60256500 -51.14111500
67822.82123200 -51.13799500
67823.03989900 -51.08349300
67823.36790000 -51.14029600
67824.02390100 -51.07787600
67824.24256800 -51.07477400
67824.57056900 -51.15555200
67824.78923600 -51.13622000
67825.44523700 -51.08205900
67825.66390400 -51.12464000
67825.99190500 -51.05484400
67826.21057200 -51.11336300
67826.31990600 -51.09505500
67826.53857300 -51.06546400
67826.75724000 -51.08258800
67827.08524100 -51.05040700
67827.41324100 -51.11480000
67827.63190800 -51.11138400
67827.85057500 -51.10666100
67827.95990900 -51.04704700
67828.28791000 -51.10786400
67828.50657700 -51.08465600
67828.83457700 -51.10077900
67829.16257800 -51.14334900
67829.27191100 -51.15453400
67829.49057900 -51.14823600
67830.03724600 -51.10724000
67830.69324800 -51.14415200
67830.91191500 -51.09487600
67831.23991500 -51.11514400
67833.53592000 -51.02757500
67833.75458700 -51.10075700
67833.97325400 -51.14856500
67834.19192100 -51.09093700
67834.73858900 -51.13510100
67835.06658900 -51.08584100
67835.39459000 -51.11198400
67835.50392400 -51.11870400
67835.72259100 -51.09374200
67836.26925800 -51.03197700
67836.48792500 -51.12376100
67836.81592600 -51.07229600
67837.03459300 -50.95488100
67839.33059800 -51.08508200
67839.76793200 -51.09550100
67839.98659900 -51.06317200
67840.31459900 -51.12095900
67840.42393300 -51.07481800
67840.53326700 -51.13000700
67840.75193400 -51.09435200
67841.07993400 -51.07662400
67841.29860100 -51.09545000
67841.40793500 -51.09089800
67841.73593600 -51.12413300
67842.06393600 -51.07568800
67842.28260300 -51.11620900
67845.12527500 -51.11162700
67845.23460900 -51.10556700
67845.34394300 -51.09196100
67845.56261000 -51.11685100
67845.99994400 -51.10735700
67846.10927700 -51.15805000
67847.42128000 -51.07335800
67847.74928100 -51.11637600
67847.96794800 -51.14828100
67848.07728100 -51.21681300
67850.59195300 -51.11666300
67850.70128600 -51.17604400
67851.02928700 -51.17807300
67851.57595500 -51.18551300
67852.34128900 -51.18919100
67852.55995700 -51.24840900
67852.66929000 -51.20522600
67856.16796400 -51.27347100
67856.27729700 -51.41551000
67857.69863300 -51.51857700
