57940.00202500 -50.83354800
57943.06336400 -50.89942800
57945.68736900 -50.97645400
57949.95137800 -50.95976100
57955.41805500 -50.93509200
57957.38605900 -51.05371800
57957.60472600 -50.89661800
57963.61807100 -50.88271700
57963.83673800 -50.89731600
57964.05540500 -50.79573600
57964.38340500 -50.92848300
57965.36740700 -50.89098000
57965.69540800 -50.95550300
57967.11674400 -50.87794800
57967.33541100 -50.92416000
57967.55407800 -50.83203200
57968.75674700 -50.88491100
57969.63141600 -50.86934800
57970.06875000 -50.92105400
57970.50608400 -50.82859500
57970.83408500 -50.83312400
57971.05275200 -50.97087700
57972.91142200 -50.95511000
57973.89542400 -50.97342400
57974.66075900 -50.94037600
57975.31676000 -51.03639500
57976.41009500 -50.82456000
57976.62876200 -51.00515000
57980.12743600 -50.91695500
57980.89277100 -50.89314600
57984.71944500 -50.87796600
57985.59411300 -50.94530300
57986.03144700 -50.86527500
57986.68744900 -50.93516800
57987.01544900 -50.79238500
57987.12478300 -50.96728700
57987.89011800 -50.90044100
57988.21811800 -50.77165700
57988.54611900 -50.72849900
57988.65545200 -50.90394700
57989.20212000 -50.94076600
57989.31145400 -50.86537200
57990.40478900 -50.83752600
57990.95145700 -51.02504400
57992.04479200 -51.00800000
57992.15412600 -50.82679400
57992.70079400 -50.85487800
57992.81012700 -50.91276400
57993.46612800 -50.80457700
57994.01279600 -50.95344400
57994.34079700 -50.93030900
57994.77813100 -50.82075400
57995.32479900 -50.98572600
57995.54346600 -50.97130600
57995.98080000 -50.98081900
57996.85546800 -51.04921200
57997.07413500 -50.91823800
57997.51147000 -50.94103500
57998.05813700 -50.77660900
57998.27680400 -50.85544400
57998.71413900 -50.97020200
57998.93280600 -50.90314600
57999.47947300 -50.85942800
58000.24480800 -50.69891300
58000.46347500 -50.96388300
58001.01014300 -51.00065400
58001.11947700 -51.05245200
58001.55681100 -50.88588800
58001.77547800 -50.78011500
58001.99414500 -50.91405700
58004.39948300 -50.85342000
58004.83681700 -50.85158600
58005.05548400 -50.85571200
58005.82081900 -50.78300600
58006.25815300 -50.95727400
58007.57015600 -50.89840000
58007.78882300 -50.86188100
58009.21015900 -50.85332900
58009.64749300 -51.00993400
58009.86616000 -50.98045100
58010.08482700 -50.84833500
58010.95949600 -50.91153300
58011.28749600 -50.88013400
58011.72483000 -50.75289900
58012.16216500 -50.93531400
58012.59949900 -50.76332100
58013.36483400 -50.84559300
58013.91150100 -50.79388900
58014.23950200 -50.81472600
58015.00483700 -50.60530300
58015.11417000 -50.90126900
58015.44217100 -50.94878100
58015.55150400 -50.72039200
58016.09817200 -50.71691100
58017.08217400 -50.85308900
58017.30084100 -50.68411800
58017.95684200 -50.81120800
58018.28484300 -50.81461400
58019.48751200 -50.75763500
58019.92484600 -50.94534800
58020.47151400 -50.72178600
58020.69018100 -50.75221600
58020.90884800 -50.60802500
58021.23684900 -50.80050500
58021.56484900 -50.73608000
58022.65818500 -50.77016300
58022.87685200 -50.77290400
58023.42352000 -50.69459400
58023.64218700 -50.56697600
58023.86085400 -50.82418600
58024.29818800 -50.73964100
58024.62618900 -50.82213000
58024.95418900 -50.71223300
58025.17285600 -50.79480700
58025.50085700 -50.69126100
58025.71952400 -50.54758700
58026.15685800 -50.61266900
58026.92219300 -50.57167200
58027.14086000 -50.63600400
58028.01552900 -50.62595900
58028.56219600 -50.60962400
58029.32753100 -50.60845000
58029.87419900 -50.65823700
58030.20220000 -50.73934800
58030.53020000 -50.69259900
58031.07686800 -50.62911400
58031.18620100 -50.82430300
58032.17020300 -50.68516500
58033.04487200 -50.61442800
58033.81020700 -50.61130300
58034.13820700 -50.73118800
58034.35687400 -50.66120400
58035.23154300 -50.81673100
58035.88754400 -50.79055800
58036.54354500 -50.66606700
58037.09021300 -50.68830300
58037.19954600 -50.84479900
58037.52754700 -50.80033900
58037.85554800 -50.87275000
58038.07421500 -50.78209700
58038.62088200 -50.75684200
58039.38621700 -50.81996900
58039.60488400 -50.76409700
58039.71421800 -50.85662700
58042.88489100 -50.69431500
58043.32222500 -50.79107600
58043.54089200 -50.63226700
58043.75955900 -50.69857900
58044.19689300 -50.66627000
58045.18089500 -50.68865900
58045.50889600 -50.72129200
58045.72756300 -50.71292100
58045.83689600 -50.64029800
58046.27423100 -50.70396300
58047.03956500 -50.81398000
58047.58623300 -50.66749800
58048.02356700 -50.80949000
58048.24223400 -50.72215000
58048.89823600 -50.76521600
58049.33557000 -50.74504300
58050.31957200 -50.80377100
58051.52224100 -50.82792800
58052.61557600 -50.73918300
58054.14624600 -50.82880700
58054.69291400 -50.77228500
58055.45824800 -50.70272600
58056.22358300 -50.64803800
58058.84758800 -50.65821700
58059.28492200 -50.75301400
58060.81559200 -50.71062400
58061.58092700 -50.75341500
58064.86093300 -50.77917700
58065.18893400 -50.81585500
58065.84493500 -50.90721900
58066.17293600 -50.98111400
58066.50093600 -51.01522500
58067.15693800 -50.98148000
58067.48493800 -50.99887700
58067.59427200 -51.11386300
58068.25027300 -51.02350300
58068.46894000 -50.95845100
58069.01560800 -51.01842700
58069.78094300 -51.00747200
58071.20227900 -51.04846100
58071.53028000 -50.93179400
58071.74894700 -51.20383300
58071.96761400 -50.98747600
58072.18628100 -51.20094300
58073.06094900 -51.02648200
58073.17028300 -51.18646900
58073.38895000 -50.98826900
58076.12228800 -51.27513400
58076.88762300 -51.23724700
58077.21562400 -51.21170100
58077.32495700 -51.15630000
58077.65295800 -51.36038000
58078.19962600 -51.37177600
58078.30895900 -51.42987000
58078.41829300 -51.39640900
58078.96496100 -51.37935300
58079.51162800 -51.41180700
58079.94896200 -51.44005600
58080.27696300 -51.41438800
58080.60496400 -51.56534500
58080.93296400 -51.42537500
58081.47963200 -51.53372800
58081.80763300 -51.57603400
58082.24496700 -51.61575200
58082.35430000 -51.51072800
58082.90096800 -51.57547300
58083.11963500 -51.65424800
58083.33830200 -51.62260600
58083.88497000 -51.57652800
58083.99430400 -51.60910100
58084.10363700 -51.69295100
58084.43163800 -51.52569600
58085.19697300 -51.63490900
58085.41564000 -51.65431200
58088.91431300 -51.54868100
58089.13298000 -51.61776800
58089.57031400 -51.66891500
58090.55431600 -51.69651700
58090.77298300 -51.70005400
58090.99165100 -51.64048500
58093.50632200 -51.63133100
58093.61565600 -51.56212500
58095.36499200 -51.61128600
58095.80232700 -51.64788200
58095.91166000 -51.64554700
58096.34899400 -51.65460900
58098.97299900 -51.45293100
58099.73833400 -51.55382000
58100.50366900 -51.37729900
58100.72233600 -51.49796500
58100.83167000 -51.46933600
58101.15967000 -51.46046900
58101.59700400 -51.37421400
58101.70633800 -51.42835900
58101.92500500 -51.49903800
58105.09567800 -51.60573500
58105.31434500 -51.69403300
58105.53301200 -51.59315300
58105.86101300 -51.59657700
58106.62634700 -51.56029800
58106.84501500 -51.53906200
58107.50101600 -51.61573700
58107.82901600 -51.55917000
58110.78102200 -51.69132100
58112.85836000 -51.53202900
58113.40502700 -51.68980500
58116.13836600 -51.44163100
58116.46636600 -51.50544600
58117.01303400 -51.44053000
58117.66903500 -51.35774500
58117.77836900 -51.45318500
58118.98103800 -51.33741800
58119.52770600 -51.51537100
58119.63703900 -51.51653900
58123.57304700 -51.43042400
58123.68238000 -51.39920800
58123.90104800 -51.49354300
58124.11971500 -51.43756600
58124.44771500 -51.44405100
58124.88504900 -51.38997600
58125.10371700 -51.30215500
58125.21305000 -51.51306400
58125.54105100 -51.33309800
58125.86905100 -51.34601300
58126.08771800 -51.45407400
58126.41571900 -51.35905200
58126.63438600 -51.45109700
58126.74372000 -51.28451600
58126.96238700 -51.30930500
58127.29038700 -51.32410800
58127.94638900 -51.23704000
58128.27438900 -51.45400100
58128.38372300 -51.55137300
58129.03972400 -51.42266700
58129.36772500 -51.51771700
58129.69572500 -51.39052500
58129.91439300 -51.42825000
58130.02372600 -51.41956600
58130.89839400 -51.45933100
58131.00772800 -51.41530600
58135.05306900 -51.38684800
58135.16240300 -51.31026000
58135.81840400 -51.40264700
58136.03707100 -51.33625100
58136.14640500 -51.34794100
58136.36507200 -51.35608100
58136.69307200 -51.36191100
58136.91173900 -51.25403600
58137.23974000 -51.07877700
58137.67707400 -51.20123900
58138.00507500 -51.15581300
58138.87974300 -51.14550400
58138.98907700 -51.16615700
58139.31707700 -51.27570300
58139.42641100 -51.39843400
58139.86374500 -51.36112500
58139.97307900 -51.28333900
58140.51974600 -51.22411200
58140.62908000 -51.32090100
58140.73841300 -51.35592500
58141.06641400 -51.44109900
58141.28508100 -51.50035300
58141.39441500 -51.50932100
58142.05041600 -51.56805000
58142.15975000 -51.36346800
58142.59708400 -51.50033000
58142.70641700 -51.41151700
58142.81575100 -51.52365700
58142.92508400 -51.49686900
58143.14375100 -51.41686300
58143.58108600 -51.35579100
58143.90908600 -51.35559100
58144.12775300 -51.40663100
58144.23708700 -51.30702600
58144.34642000 -51.47552000
58144.45575400 -51.25472700
58144.78375500 -51.22924200
58145.11175500 -51.24880700
58145.54908900 -51.32062100
58145.98642400 -51.38526700
58146.42375800 -51.18175600
58146.53309100 -51.25218400
58146.75175800 -51.35313800
58146.86109200 -51.40910300
58147.18909300 -51.39878900
58147.29842600 -51.37365000
58147.51709300 -51.25618000
58147.62642700 -51.36830000
58147.84509400 -51.28640200
58148.28242800 -51.42496500
58148.61042900 -51.41069600
58151.23443400 -51.34231900
58151.45310100 -51.47881700
58152.21843600 -51.45479000
58153.09310400 -51.34467700
58153.42110500 -51.42057700
58153.74910500 -51.29057100
58153.96777200 -51.40981500
58154.18644000 -51.36399300
58154.51444000 -51.37029900
58156.91977800 -51.27435400
58157.24777900 -51.29610200
58157.79444600 -51.33625800
58158.55978100 -51.37819100
58158.88778200 -51.37628200
58159.54378300 -51.32803100
58159.65311700 -51.41515900
58159.98111700 -51.22607400
58162.60512200 -51.33182800
58163.15179000 -51.38338300
58164.35445900 -51.32332200
58164.46379300 -51.33872400
58165.11979400 -51.29917600
58165.22912800 -51.41910700
58165.33846100 -51.38626100
58165.44779500 -51.31742300
58165.66646200 -51.34143900
58165.77579500 -51.49013300
58165.99446200 -51.32904400
58166.21312900 -51.32329800
58166.43179700 -51.27355500
58166.86913100 -51.31832900
58167.19713100 -51.28791400
58168.07180000 -51.27859800
58168.29046700 -51.21918400
58168.94646800 -51.12598400
58169.16513500 -51.29807900
58169.27446900 -51.30447100
58169.93047000 -51.24364100
58170.25847100 -51.43376400
58170.36780400 -51.30997200
58170.91447200 -51.28452000
58171.24247300 -51.35461900
58171.46114000 -51.23034400
58172.00780700 -51.34623800
58172.11714100 -51.41175400
58173.42914300 -51.18509200
58174.19447800 -51.32398600
58174.52247900 -51.29027200
58174.63181200 -51.45403600
58175.06914700 -51.32759900
58175.17848000 -51.28796600
58175.50648100 -51.21811000
58175.72514800 -51.37081900
58175.94381500 -51.35735800
58176.05314900 -51.22793900
58176.59981600 -51.32674400
58177.25581800 -51.38296900
58177.58381800 -51.29847800
58178.13048600 -51.25288100
58178.56782000 -51.33280300
58178.67715400 -51.25648600
58178.78648700 -51.36401400
58178.89582100 -51.30875500
58179.11448800 -51.32826400
58179.44248800 -51.33126700
58179.55182200 -51.37135900
58180.31715700 -51.30440900
58180.42649000 -51.30500900
58180.53582400 -51.39511500
58181.08249200 -51.16726700
58181.19182500 -51.35014900
58181.51982600 -51.34131200
58181.62915900 -51.31869800
58182.06649300 -51.26522300
58182.28516100 -51.43445600
58182.94116200 -51.41106200
58183.70649700 -51.27026900
58184.03449700 -51.39513900
58184.25316400 -51.36557300
58185.01849900 -51.25595600
58185.56516700 -51.34658800
58185.89316800 -51.32219400
58186.00250100 -51.43320700
58186.11183500 -51.29509700
58186.22116800 -51.13691700
58186.98650300 -51.31257600
58187.31450400 -51.29652200
58187.42383700 -51.29903900
58187.97050500 -51.36317600
58188.95450700 -51.24320200
58189.28250700 -51.31230300
58189.50117500 -51.27938900
58189.71984200 -51.22359100
58190.04784200 -51.35220700
58190.15717600 -51.30532700
58190.81317700 -51.19704100
58191.14117800 -51.37439800
58191.25051100 -51.31392700
58191.35984500 -51.24088900
58191.46917800 -51.41097600
58192.12518000 -51.47767100
58192.56251400 -51.28164900
58193.10918200 -51.24634600
58193.32784900 -51.15398500
58193.54651600 -51.20564100
58193.65584900 -51.36168000
58195.07718500 -51.22621900
58195.29585200 -51.29659600
58195.40518600 -51.22105400
58195.62385300 -51.36085900
58195.84252000 -51.30473000
58196.93585600 -51.31025500
58197.04518900 -51.30615800
58197.26385600 -51.34409500
58197.59185700 -51.32502700
58197.91985800 -51.34481800
58199.12252600 -51.40223800
58199.34119400 -51.40137800
58199.45052700 -51.38608100
58199.88786100 -51.25600600
58200.43452900 -51.49856400
58200.54386300 -51.42566400
58201.85586500 -51.30275700
58202.07453200 -51.12892000
58202.18386600 -51.48740500
58202.73053300 -51.38786000
58202.83986700 -51.25208600
58203.27720100 -51.26685800
58204.04253600 -51.37941500
58204.37053700 -51.26385300
58204.91720400 -51.39319800
58205.35453900 -51.35993100
58206.01054000 -51.33714600
58206.44787400 -51.33375100
58206.66654100 -51.31175200
58206.88520800 -51.23260300
58207.10387500 -51.17205600
58207.54120900 -51.22191900
58207.65054300 -51.23758200
58208.41587800 -51.36761500
58209.50921300 -51.22539500
58210.05588100 -51.31662500
58210.60254900 -51.29450000
58210.71188200 -51.30429600
58210.82121600 -51.16921600
58211.03988300 -51.24043100
58211.36788400 -51.15949000
58211.47721700 -51.20160000
58211.58655100 -51.49208200
58211.91455100 -51.45050700
58212.02388500 -51.10925700
58212.24255200 -51.12424900
58212.35188500 -51.39124400
58212.78922000 -51.39080800
58213.00788700 -51.25004600
58213.77322200 -51.29668300
58213.88255500 -51.32983800
58213.99188900 -51.46901500
58214.53855600 -51.26662700
58215.63189200 -51.28997500
58216.06922600 -51.33636300
58216.50656000 -51.49215500
58217.27189500 -51.27605900
58217.81856300 -51.49956500
58218.36523000 -51.46918500
58218.47456400 -51.37468500
58219.45856600 -51.38642800
58219.56789900 -51.27175600
58219.78656600 -51.34907800
58221.09856900 -51.33339800
58221.64523700 -51.44369200
58223.61324100 -51.37252000
58224.15990800 -51.31229400
58224.37857500 -51.22126200
58224.70657600 -51.48026700
58224.92524300 -51.54871900
58225.03457700 -51.34599900
58225.14391000 -51.33113100
58227.43991500 -51.49469500
58227.76791500 -51.21539000
58229.51725200 -51.54725600
58229.73591900 -51.40068200
58230.82925500 -51.20906300
58231.26658900 -51.51894900
58231.48525600 -51.48921000
58232.03192400 -51.45936400
58232.57859100 -51.30931900
58232.90659200 -51.36856300
58233.67192700 -51.25241300
58233.78126000 -51.30232700
58233.89059400 -51.33505000
58234.32792800 -51.45350000
58235.85859800 -51.20327600
58236.40526500 -51.37565700
58236.73326600 -51.31140400
58240.01327200 -51.40823000
58240.88794100 -51.41289200
58242.09061000 -51.40959800
58242.63727700 -51.14248400
58243.18394500 -51.13002300
58243.62127900 -51.43508500
58244.49594800 -51.20478200
58247.33862000 -51.37511800
58247.55728700 -51.11563500
58247.99462100 -51.24392100
58248.86928900 -51.16798800
58313.48541500 -51.04221300
58327.48010800 -51.09446500
58330.54144800 -51.26544500
58334.47745500 -51.44626800
58334.58678900 -51.45663600
58338.63213000 -51.49974100
58339.28813100 -51.57852300
58340.16280000 -51.31466200
58341.03746800 -51.57389600
58342.34947000 -51.49962700
58343.77080600 -51.65121700
58346.83214600 -51.48134800
58347.59748100 -51.36959600
58349.56548400 -51.33506300
58350.54948600 -51.61727100
58350.65882000 -51.23837500
58351.86148900 -51.50932200
58355.14149500 -51.24192000
58355.68816300 -51.32374000
58360.06150500 -51.21171900
58360.60817200 -51.42065800
58360.82684000 -51.47329900
58361.26417400 -51.40479700
58362.79484300 -51.33509500
58363.23217700 -51.20825600
58363.34151100 -51.33772000
58364.98151400 -51.18100200
58365.52818200 -51.38090300
58365.63751500 -51.12176200
58366.07485000 -51.34404200
58367.05885200 -51.44151000
58367.82418600 -51.19757700
58368.80818800 -51.34739600
58369.46419000 -51.18534100
58370.22952400 -51.24929900
58370.44819100 -51.29454300
58370.55752500 -51.48403900
58371.21352600 -51.27194800
58372.30686200 -51.35989600
58372.41619500 -51.35180300
58373.50953100 -51.30369300
58375.04020000 -51.39679400
58375.25886700 -51.60012300
58375.58686800 -51.40189500
58376.02420200 -51.42108100
58377.44553800 -51.41884000
58377.77353900 -51.27362300
58378.10154000 -51.49518600
58378.32020700 -51.48991500
58378.86687400 -51.39647300
58379.41354200 -51.41212300
58379.63220900 -51.56923000
58379.74154300 -51.41216000
58379.85087600 -51.22973600
58380.72554500 -51.55527100
58380.94421200 -51.22531100
58381.16287900 -51.28759000
58381.27221200 -51.35576300
58381.81888000 -51.33910000
58382.47488100 -51.44531900
58382.91221600 -51.38730500
58383.02154900 -51.25325500
58383.56821700 -51.21558800
58383.67755000 -51.16635300
58383.78688400 -51.37917000
58384.11488500 -51.45945600
58384.44288500 -51.28550100
58384.66155200 -51.28231400
58385.42688700 -51.21013200
58386.41088900 -51.32150300
58386.62955600 -51.42511900
58387.94155900 -51.36450600
58388.48822600 -51.41587500
58388.81622700 -51.21849800
58389.36289500 -51.45090300
58389.69089500 -51.34648900
58391.33089900 -51.28277100
58392.20556700 -51.29234000
58392.31490000 -51.38346300
58392.75223500 -51.37383800
58393.08023500 -51.36661600
58393.18956900 -51.27428600
58393.51756900 -51.20932500
58394.17357100 -51.31668400
58394.82957200 -51.30450900
58394.93890600 -51.19114500
58395.70424000 -51.40208100
58396.03224100 -51.31893100
58396.25090800 -51.42510700
58396.79757600 -51.33897600
58398.00024500 -51.34187800
58398.43757900 -51.23467600
58398.65624600 -51.35453100
58398.98424700 -51.28650700
58399.42158100 -51.14232900
58399.53091400 -51.35368500
58399.74958200 -51.46787100
58399.85891500 -51.49533400
58400.73358300 -51.38912300
58401.06158400 -51.44553400
58401.71758500 -51.28278000
58402.15492000 -51.44801000
58402.70158700 -51.29782100
58402.81092100 -51.33866300
58403.57625600 -51.46457700
58404.01359000 -51.45079400
58404.12292300 -51.27274200
58404.99759200 -51.27110300
58405.10692500 -51.30182400
58406.30959400 -51.15538200
58406.85626200 -51.34245200
58407.07492900 -51.26370900
58407.29359600 -51.30232000
58407.40293000 -51.27437000
58408.38693200 -51.18225300
58408.49626500 -51.22364700
58408.93359900 -51.40090600
58409.15226600 -51.35573200
58409.26160000 -51.28138100
58409.48026700 -51.28143100
58409.58960100 -51.35487700
58410.02693500 -51.26434700
58410.24560200 -51.29843500
58410.57360200 -51.25402000
58410.68293600 -51.18787900
58411.44827100 -51.21237800
58411.77627100 -51.23007900
58412.54160600 -51.31153100
58412.76027300 -51.17638500
58413.96294200 -51.31747000
58414.18160900 -51.18210800
58414.29094300 -51.29546700
58414.83761100 -51.24564600
58414.94694400 -51.25501600
58415.49361200 -51.27107900
58415.82161300 -51.16795100
58416.25894700 -51.13723500
58416.36828000 -51.28362500
58418.88295200 -51.25689800
58421.28829000 -51.19486300
58422.05362500 -51.24469700
58422.16295800 -51.19778200
58422.70962600 -51.26007700
58423.91229500 -51.19717200
58424.78696300 -51.27755500
58425.55229800 -51.12287300
58426.09896600 -51.15700800
58427.62963500 -51.18255700
58427.84830300 -51.20418400
58428.39497000 -51.19431000
58429.05097200 -51.24903300
58429.48830600 -51.11800100
58430.25364100 -51.23386200
58430.36297400 -51.24934600
58430.47230800 -51.21834600
58430.58164100 -51.24187900
58430.90964200 -51.15083000
58431.01897500 -51.25712000
58431.12830900 -51.17771400
58431.23764200 -51.18933000
58431.56564300 -51.32988900
58432.00297700 -51.32648300
58432.11231100 -51.22660900
58432.22164400 -51.13396000
58432.65897900 -51.23564800
58433.75231400 -51.19911800
58433.86164800 -51.33370200
58434.08031500 -51.41384600
58434.40831500 -51.28833800
58434.62698200 -51.40714600
58434.73631600 -51.15987900
58434.84564900 -51.42773500
58435.17365000 -51.29616400
58435.61098400 -51.26678100
58435.93898500 -51.33138000
58436.04831800 -51.38736000
58436.26698600 -51.21729700
58436.81365300 -51.13884200
58437.36032100 -51.09814100
58437.46965500 -51.25869700
58437.57898800 -51.22632100
58437.79765500 -51.24404700
58438.01632200 -51.27247400
58438.12565600 -51.17383900
58438.45365600 -51.14604200
58439.21899100 -51.27391600
58439.65632500 -51.28610700
58439.76565900 -51.24197500
58439.87499300 -51.18665300
58440.53099400 -51.36477600
58440.64032700 -51.28063200
58441.07766200 -51.33949000
58441.51499600 -51.22206400
58441.73366300 -51.42639500
58441.95233000 -51.24280700
58442.06166300 -51.17827900
58442.17099700 -51.24321400
58442.28033100 -51.25982500
58442.38966400 -51.19484100
58442.49899800 -51.19774700
58442.71766500 -51.28631600
58442.93633200 -51.18895000
58443.04566500 -51.23249900
58443.15499900 -51.20651700
58443.26433200 -51.24235300
58443.48300000 -51.03415100
58443.70166700 -51.16382100
58443.92033400 -51.18177900
58444.02966700 -51.07422500
58444.24833400 -51.05398200
58444.35766800 -51.14998300
58445.01366900 -51.16012500
58445.12300300 -51.26834700
58445.45100300 -51.21844600
58445.56033700 -51.03503300
58445.66967000 -51.20534100
58446.21633800 -51.19285400
58446.32567200 -51.14017700
58446.54433900 -51.24411400
58446.65367200 -51.16142100
58447.09100600 -51.11743300
58447.63767400 -51.25331300
58447.96567500 -51.17962600
58448.29367500 -51.28745700
58448.40300900 -51.23676900
58448.51234300 -51.11875200
58448.62167600 -51.22858000
58448.73101000 -51.09587300
58448.84034300 -51.16578500
58448.94967700 -51.32261200
58449.38701100 -51.24924400
58449.60567800 -51.14071200
58450.26167900 -51.21111200
58450.48034600 -51.29181300
58451.68301500 -51.27904100
58451.90168200 -51.30614600
58452.01101600 -51.18691300
58453.10435100 -51.13741400
58453.21368500 -51.24131600
58453.54168600 -51.26737400
58454.08835300 -51.14878300
58454.41635400 -51.10791100
58454.85368800 -51.04839800
58455.29102200 -51.09959400
58455.40035600 -51.06830200
58455.50968900 -51.03463400
58455.94702400 -51.11682700
58456.05635700 -51.06755200
58456.27502400 -51.14895200
58456.38435800 -51.16396400
58456.49369100 -51.06140600
58456.60302500 -51.11312100
58456.93102600 -51.12323600
58457.04035900 -51.06659700
58457.58702700 -51.13741900
58457.80569400 -51.18277700
58458.24302800 -51.12896200
58458.46169500 -51.01537500
58459.11769600 -51.06163400
58459.33636400 -50.96144800
58459.55503100 -51.08285300
58459.66436400 -51.18078000
58459.88303100 -51.19021200
58460.10169800 -51.09597400
58460.21103200 -51.15208100
58460.64836600 -51.20692700
58460.75770000 -51.04686300
58461.41370100 -51.14247900
58461.52303400 -51.16630500
58461.74170200 -51.12181200
58462.28836900 -51.19810100
58462.39770300 -51.21565900
58462.50703600 -51.23486700
58462.61637000 -51.29779300
58462.72570300 -51.18898900
58462.83503700 -51.29307500
58463.27237100 -51.25599300
58463.38170500 -51.25922400
58463.60037200 -51.17373400
58463.70970500 -51.17534300
58463.81903900 -51.18586600
58464.36570700 -51.21990800
58464.80304100 -51.08120700
58464.91237400 -51.19705500
58465.24037500 -51.16582300
58465.56837600 -51.18676300
58465.67770900 -51.19686600
58465.78704300 -51.15001100
58465.89637600 -51.20178200
58466.22437700 -51.06440700
58466.98971200 -51.20189900
58467.09904500 -51.19826500
58467.42704600 -51.14719500
58467.64571300 -51.22167300
58467.75504600 -51.21786900
58468.19238100 -51.16460100
58468.30171400 -51.11902100
58468.41104800 -51.18581700
58468.73904800 -51.10356800
58468.95771500 -51.18162400
58469.06704900 -51.09963200
58469.17638300 -51.17079700
58469.28571600 -51.13651900
58469.61371700 -51.10409100
58470.05105100 -51.18329600
58470.16038400 -51.03687000
58470.26971800 -51.02427300
58470.37905200 -51.01206000
58470.48838500 -51.06555100
58470.59771900 -51.08347300
58471.14438600 -51.22502700
58471.36305300 -50.97645900
58471.58172100 -50.97370700
58472.45638900 -51.03498600
58472.89372300 -50.87993500
58473.44039100 -50.99269300
58473.87772500 -50.96713100
58473.98705900 -50.91007900
58474.64306000 -50.90906300
58475.08039400 -51.10595600
58475.29906100 -51.18432400
58475.40839500 -51.18467900
58475.51772800 -51.02188700
58476.39239700 -51.05215800
58476.82973100 -51.01294000
58477.04839800 -51.06266400
58477.26706500 -51.01070000
58477.48573200 -50.98497500
58477.92306600 -50.95787200
58478.46973400 -50.98090500
58478.57906700 -51.04305600
58479.34440200 -50.93406200
58479.89107000 -50.94457300
58480.10973700 -51.06196200
58480.43773800 -50.87763300
58480.54707100 -51.00532700
58480.65640500 -51.13364900
58481.53107300 -51.01691700
58482.18707400 -51.07313200
58482.29640800 -51.09713900
58482.62440900 -51.03570200
58483.28041000 -51.15824300
58483.71774400 -51.08683100
58483.82707800 -51.12476500
58484.92041300 -50.99278100
58485.35774700 -51.13236100
58485.57641400 -50.95350600
58485.68574800 -51.01177800
58486.34174900 -50.99451800
58486.45108300 -51.05539900
58486.56041600 -51.08199900
58486.66975000 -51.07211400
58486.77908300 -50.98140300
58487.10708400 -50.94282900
58487.21641700 -51.08839200
58487.32575100 -51.02050700
58487.43508500 -50.97172300
58487.76308500 -51.05767100
58487.87241900 -50.96779600
58487.98175200 -51.10062900
58488.09108600 -51.05561800
58488.20041900 -51.03548200
58489.18442100 -51.06340600
58489.29375500 -51.08552200
58489.51242200 -50.98646300
58489.62175500 -51.00286300
58489.84042300 -51.01531500
58489.94975600 -50.90470500
58490.38709000 -51.08471900
58490.49642400 -51.10564500
58490.60575700 -51.08964900
58490.82442400 -51.03821300
58490.93375800 -51.03030100
58491.04309200 -51.11503200
58491.48042600 -51.01944600
58491.80842600 -51.02921300
58492.02709300 -50.98696200
58492.46442800 -50.87603900
58492.57376100 -50.99770200
58493.66709700 -51.01348800
58493.77643000 -51.01254300
58493.99509700 -51.02912500
58494.43243100 -50.98655900
58494.54176500 -51.05968900
58494.65109900 -50.94571900
58495.41643300 -51.06182000
58495.63510000 -51.01475900
58495.74443400 -51.05313900
58496.07243500 -50.98992200
58497.05643700 -50.98416700
58497.16577000 -50.95265300
58497.38443700 -50.82161100
58497.93110500 -50.94544100
58498.04043800 -50.87485600
58498.14977200 -51.01058900
58498.25910600 -50.98344300
58498.47777300 -50.89046000
58498.58710600 -50.91727300
58499.02444000 -50.94632400
58499.35244100 -50.91398900
58499.57110800 -50.88642500
58499.78977500 -50.86422900
58500.11777600 -50.92351700
58500.33644300 -50.88281700
58500.55511000 -50.96314600
58500.66444400 -50.90718000
58500.88311100 -50.90758900
58500.99244400 -50.91502400
58501.32044500 -50.87617000
58501.64844500 -50.89532700
58501.86711300 -50.91644300
58501.97644600 -50.83852400
58502.08578000 -50.90824200
58502.19511300 -50.86860800
58503.17911500 -50.85057700
58505.58445300 -50.80207700
58506.13112100 -50.85371600
58506.67778800 -50.93623500
58507.11512300 -50.88478400
58507.22445600 -50.83785400
58507.77112400 -50.82400400
58507.98979100 -50.80279500
58508.09912500 -50.84648800
58508.42712500 -50.74345200
58508.53645900 -50.86614600
58508.64579200 -50.81763700
58508.97379300 -50.82655400
58509.41112700 -50.71232000
58509.52046100 -50.67498700
58509.62979400 -50.81367400
58509.95779500 -50.69136200
58510.06712800 -50.79159200
58510.17646200 -50.89130700
58510.39512900 -50.77037400
58510.61379600 -50.82228000
58511.37913100 -50.94973900
58512.03513200 -50.87687300
58512.36313300 -50.81638400
58512.80046700 -50.86812100
58512.90980100 -50.91249400
58513.45646800 -50.89341800
58513.78446900 -50.78777600
58514.11247000 -50.81495400
58514.33113700 -50.81880600
58514.44047000 -50.81019000
58514.87780400 -50.73139500
58515.09647100 -50.76682800
58515.20580500 -50.76627400
58515.31513900 -50.79950600
58515.42447200 -50.76131400
58516.08047300 -50.60285400
58516.29914000 -50.64994900
58516.51780800 -50.68004000
58516.84580800 -50.69645500
58516.95514200 -50.81044800
58517.28314200 -50.71661800
58517.39247600 -50.62119000
58517.93914400 -50.61702000
58518.26714400 -50.68970700
58518.48581100 -50.59911200
58518.70447800 -50.61847500
58518.81381200 -50.63849600
58518.92314600 -50.65347700
58519.03247900 -50.56667900
58519.14181300 -50.65602300
58519.36048000 -50.67009300
58520.78181600 -50.65779200
58521.00048300 -50.62515400
58521.10981600 -50.65049900
58521.54715100 -50.54563600
58521.65648400 -50.66221600
58522.09381800 -50.57692900
58523.18715400 -50.71501700
58523.51515400 -50.65497200
58524.06182200 -50.82041600
58524.60849000 -50.55743300
58525.15515800 -50.63970500
58525.26449100 -50.66770400
58525.37382500 -50.71178500
58525.48315800 -50.79328900
58525.59249200 -50.71522200
58525.81115900 -50.53134700
58526.02982600 -50.71532400
58526.13916000 -50.74363100
58526.68582700 -50.73567100
58526.79516100 -50.66306200
58527.23249500 -50.65183500
58527.34182800 -50.67426100
58527.45116200 -50.63210500
58528.21649700 -50.67674700
58528.32583000 -50.65482700
58528.43516400 -50.70570500
58528.54449700 -50.65556300
58528.87249800 -50.70077100
58528.98183200 -50.73528300
58529.20049900 -50.74521600
58529.41916600 -50.71592400
58529.63783300 -50.67952300
58529.74716600 -50.70652500
58529.85650000 -50.70743700
58530.07516700 -50.78858600
58530.18450100 -50.70892300
58530.40316800 -50.74393100
58530.51250100 -50.64748700
58530.62183500 -50.69007300
58530.84050200 -50.76853400
58530.94983500 -50.75701700
58531.05916900 -50.78529800
58531.16850300 -50.73009200
58531.27783600 -50.75965400
58531.38717000 -50.74375900
58531.49650300 -50.75788500
58531.71517000 -50.76542600
58532.04317100 -50.76684900
58532.26183800 -50.77306600
58532.69917200 -50.85314300
58533.02717300 -50.70929100
58533.24584000 -50.81720900
58533.35517300 -50.82014600
58533.46450700 -50.86307700
58533.57384100 -50.83686500
58533.68317400 -50.80057800
58533.79250800 -50.82994700
58533.90184100 -50.76416000
58534.01117500 -50.82597000
58534.22984200 -50.86977400
58534.33917500 -50.86512800
58534.44850900 -50.90222000
58534.55784200 -50.89177600
58534.66717600 -50.89816900
58535.76051100 -50.95487500
58535.86984500 -50.97308800
58535.97917900 -50.92591200
58536.41651300 -50.83587800
58536.52584600 -50.92797900
58536.74451300 -50.99272500
58536.85384700 -50.94894800
58536.96318000 -50.94211300
58537.07251400 -50.90602300
58537.18184800 -50.99655900
58537.61918200 -51.03139900
58537.83784900 -51.03425300
58537.94718200 -51.04034200
58538.05651600 -51.03968500
58538.38451700 -51.00346300
58538.60318400 -51.04151200
58538.82185100 -51.13169500
58539.14985100 -51.06924600
58539.80585300 -51.09993600
58540.02452000 -51.21313300
58540.13385300 -51.12472800
58540.24318700 -51.16665900
58540.57118700 -51.05437400
58540.78985500 -51.18852100
58541.00852200 -51.21004200
58541.11785500 -51.12868300
58541.66452300 -51.22139200
58541.77385600 -51.24257300
58541.88319000 -51.23997400
58541.99252400 -51.20026700
58542.10185700 -51.18223000
58542.32052400 -51.28222700
58542.53919100 -51.24759400
58542.86719200 -51.26240600
58543.08585900 -51.21802000
58543.19519300 -51.24737700
58543.30452600 -51.25460200
58543.52319300 -51.26891200
58543.63252700 -51.24485700
58543.74186000 -51.28710100
58543.85119400 -51.31220500
58544.06986100 -51.26901500
58544.17919400 -51.31600400
58544.39786200 -51.24910300
58544.50719500 -51.27409000
58547.13120000 -51.38364700
58547.34986700 -51.32447400
58547.45920100 -51.35801800
58547.67786800 -51.34886000
58548.00586800 -51.40613700
58548.44320300 -51.38299600
58548.77120300 -51.39153000
58548.88053700 -51.39531200
58549.20853700 -51.35349300
58549.42720500 -51.42864100
58549.75520500 -51.39242100
58549.86453900 -51.40633000
58549.97387200 -51.41222100
58550.19253900 -51.35271800
58550.30187300 -51.41959500
58550.41120600 -51.39851200
58550.52054000 -51.40890400
58550.62987400 -51.42192500
58553.58187900 -51.44244900
58553.69121300 -51.41918700
58554.12854700 -51.44688000
58554.34721400 -51.38785100
58554.45654800 -51.40738500
58555.00321500 -51.45661100
58555.11254900 -51.46359900
58555.54988300 -51.38361300
58555.65921700 -51.44419000
58556.09655100 -51.46966600
58556.20588400 -51.45130500
58556.31521800 -51.43887600
58556.42455100 -51.38869800
58556.64321900 -51.43521600
58556.97121900 -51.45041800
58557.29922000 -51.39635900
58557.40855300 -51.42701700
58557.62722000 -51.37856600
58557.73655400 -51.43999600
58557.84588800 -51.46183900
58557.95522100 -51.43227000
58558.17388800 -51.42926800
58558.28322200 -51.41021600
58558.50188900 -51.45554800
58558.72055600 -51.41924100
58558.82988900 -51.36467800
58559.04855700 -51.39804100
58559.48589100 -51.40327000
58559.59522400 -51.39482300
58559.81389100 -51.49352300
58559.92322500 -51.44517700
58560.03255800 -51.47858500
58560.14189200 -51.49704100
58560.36055900 -51.44873500
58560.57922600 -51.48668000
58560.79789300 -51.42978900
58561.12589400 -51.49206700
58561.34456100 -51.47424200
58561.45389500 -51.57478900
58561.56322800 -51.46916300
58561.78189500 -51.53128100
58562.21922900 -51.50082400
58562.32856300 -51.52281600
58562.43789600 -51.42218300
58562.54723000 -51.48226000
58562.76589700 -51.49809400
58562.98456400 -51.48788000
58563.09389800 -51.47649300
58563.20323100 -51.40927100
58563.31256500 -51.49841500
58563.53123200 -51.43222000
58563.74989900 -51.41319500
58564.07790000 -51.44413300
58564.29656700 -51.30689800
58566.92057200 -51.37724400
58567.24857200 -51.35662500
58567.57657300 -51.37097300
58567.79524000 -51.31336200
58568.66990800 -51.32939500
58569.32591000 -51.37616800
58569.43524300 -51.28598600
58569.54457700 -51.32061700
58570.30991200 -51.24682000
58570.52857900 -51.27776700
58570.63791200 -51.33883900
58570.74724600 -51.32900000
58570.96591300 -51.29345800
58571.07524600 -51.27360600
58571.29391400 -51.35138300
58571.40324700 -51.42627700
58571.62191400 -51.37013700
58571.73124800 -51.32129100
58571.94991500 -51.33974300
58572.71525000 -51.29453600
58573.04325000 -51.31819800
58573.37125100 -51.32954300
58573.48058400 -51.38598000
58573.58991800 -51.41302000
58573.80858500 -51.38093100
58574.13658600 -51.31345900
58574.24591900 -51.33176400
58574.46458600 -51.32888100
58576.97925800 -51.33310700
58577.08859100 -51.34713700
58577.41659200 -51.38126100
58577.96326000 -51.37612900
58578.29126000 -51.42687200
58578.40059400 -51.41592700
58578.72859500 -51.40693200
58579.38459600 -51.49515500
58579.71259700 -51.38420500
58579.93126400 -51.42420700
58580.36859800 -51.38649300
58582.66460200 -51.41065700
58583.42993700 -51.43976700
58583.75793800 -51.43705600
58584.19527200 -51.48013200
58584.30460500 -51.43571100
58584.63260600 -51.54566700
58585.17927400 -51.50216700
58585.28860700 -51.54480400
58585.83527500 -51.48214000
58588.67794700 -51.49549700
58589.22461500 -51.43703400
58589.33394800 -51.46531800
58589.44328200 -51.55459300
58589.55261600 -51.51395600
58589.77128300 -51.49291500
58590.42728400 -51.50040900
58590.53661700 -51.48697400
58590.86461800 -51.45691600
58591.08328500 -51.51713400
58591.41128600 -51.41890400
58591.62995300 -51.47455900
58593.92595700 -51.37542400
58594.03529100 -51.36165200
58594.14462400 -51.34639900
58594.25395800 -51.37886500
58594.36329200 -51.34893300
58594.47262500 -51.36620600
58594.90995900 -51.36538500
58595.01929300 -51.35038400
58595.45662700 -51.38269800
58595.89396100 -51.38188500
58596.44062900 -51.35904700
58596.65929600 -51.38534200
58596.98729700 -51.34156600
58597.09663000 -51.36338000
58599.72063500 -51.35824500
58600.15796900 -51.34666100
58600.48597000 -51.27304100
58600.70463700 -51.27711800
58601.03263800 -51.31457600
58601.36063800 -51.29770500
58601.46997200 -51.27784900
58601.68863900 -51.28046800
58602.34464000 -51.27460000
58602.67264100 -51.33806100
58602.89130800 -51.35674800
58605.51531300 -51.29682100
58605.73398000 -51.25948300
58605.84331400 -51.24431400
58605.95264700 -51.25479000
58606.17131400 -51.20957700
58606.49931500 -51.23033500
58607.26465000 -51.26298600
58607.92065100 -51.25244000
58608.13931800 -51.26607900
58608.46731900 -51.22715800
58608.57665200 -51.23667700
58611.52865800 -51.24559400
58611.74732500 -51.18496200
58611.96599200 -51.15446000
58612.40332600 -51.19072300
58612.51266000 -51.22168800
58612.94999400 -51.17877600
58613.49666200 -51.19711200
58613.60599500 -51.18787600
58613.71532900 -51.17707300
58613.82466300 -51.17762800
58614.15266300 -51.12814500
58616.44866800 -51.25315700
58616.55800100 -51.21143500
58616.77666800 -51.19993700
58616.88600200 -51.23102200
58617.10466900 -51.15936000
58618.19800400 -51.18141900
58618.41667100 -51.19634000
58618.63533900 -51.17052800
58618.96333900 -51.24310800
58619.18200600 -51.23889300
58619.29134000 -51.31115000
58619.72867400 -51.22815700
58622.57134600 -51.18151100
58623.22734700 -51.26670800
58623.33668100 -51.13743500
58623.77401500 -51.17991400
58624.21134900 -51.16678700
58624.64868400 -51.19556900
58625.08601800 -51.24952000
58625.30468500 -51.20390700
58628.03802300 -51.12467900
58628.80335800 -51.18216100
58629.02202500 -51.14167200
58629.35002600 -51.13798100
58629.56869300 -51.14274400
58629.78736000 -51.16932200
58629.89669400 -51.14763600
58630.00602700 -51.15357200
58630.55269500 -51.13706000
58630.99002900 -51.19939100
58633.83270100 -51.17332900
58633.94203500 -51.19065600
58634.37936900 -51.28410100
58634.92603700 -51.21360400
58635.03537000 -51.24061300
58635.14470400 -51.24596300
58635.36337100 -51.21163400
58635.47270400 -51.19655300
58636.12870600 -51.25268700
58636.45670600 -51.23305300
58636.56604000 -51.18739600
58639.62737900 -51.15141300
58640.06471300 -51.18645200
58640.28338000 -51.25542800
58640.50204800 -51.21444800
58640.61138100 -51.23738300
58641.15804900 -51.22291400
58641.26738200 -51.20413900
58641.70471700 -51.15810000
58642.25138400 -51.17405200
58644.54738900 -51.19893000
58644.87538900 -51.22673400
58645.75005800 -51.20918200
58646.62472600 -51.17069300
58647.39006100 -51.19458900
58647.60872800 -51.12801500
58647.82739500 -51.22335200
58650.45140000 -51.15701100
58650.67006700 -51.15387300
58651.87273600 -51.14242700
58652.85673800 -51.17686200
58656.13674400 -51.17150000
58656.24607800 -51.14339800
58656.35541200 -51.13478600
58657.01141300 -51.17525100
58657.33941300 -51.16111600
58657.66741400 -51.16439900
58658.43274900 -51.07759700
58658.87008300 -51.13454900
58659.19808400 -51.13717700
58662.47809000 -51.11853600
58662.69675700 -51.11460100
58663.13409100 -51.12211400
58663.46209200 -51.14530200
58664.88342800 -51.07011100
58667.50743300 -51.13937900
58667.72610000 -51.19518600
58668.16343400 -51.22796500
58668.27276800 -51.16690900
58668.81943600 -51.19063100
58669.69410400 -51.18294900
58670.45943900 -51.12306000
58672.86477700 -51.14417700
58673.41144500 -51.16543600
58673.95811200 -51.15256400
58674.61411400 -51.17328100
58674.72344700 -51.18083300
58675.59811500 -51.14998500
58676.03545000 -51.28777400
58678.44078800 -51.19385900
58678.55012100 -51.21139400
58678.76878800 -51.21446100
58679.09678900 -51.20903000
58679.53412300 -51.09205900
58680.40879100 -51.18342500
58680.95545900 -51.17287600
58681.17412600 -51.16131400
58681.39279300 -51.21319000
58681.61146000 -51.17718200
58681.72079400 -51.16380100
58683.90746500 -51.28735300
58684.01679800 -51.42713200
58685.76613500 -51.44321000
58686.09413600 -51.50836500
58687.18747100 -51.40144000
58687.29680500 -51.53945100
